---
templateKey: article-post
title: Rozdělení do oddílů a autobusů
date: 2024-07-10T20:50:34.752Z
description: Tabulka s číslem oddílu a odjezdového autobusu
featuredpost: false
featuredimage: ../img/velikonoce-2024/Velikonoce_2024.png
tags:
  - příjezd
---
| Č.p. | Oddíl | Bus |
|------|-------|-----|
| 401  | 2     | 1   |
| 402  | 3     | 1   |
| 403  | 10    | 4   |
| 404  | 7     | 3   |
| 405  | 11    | 4   |
| 406  | 9     | 3   |
| 407  | 8     | 3   |
| 408  | 4     | 2   |
| 409  | 11    | 4   |
| 410  | 9     | 3   |
| 411  | 7     | 3   |
| 412  | 1     | 1   |
| 413  | 6     | 2   |
| 414  | 6     | 2   |
| 415  | 10    | 4   |
| 416  | 5     | 2   |
| 417  | 5     | 2   |
| 418  | 9     | 3   |
| 419  | 9     | 3   |
| 420  | 1     | 1   |
| 421  | 10    | 4   |
| 422  | 9     | 3   |
| 423  | 3     | 1   |
| 424  | 2     | 1   |
| 425  | 3     | 1   |
| 426  | 2     | 1   |
| 427  | 8     | 3   |
| 428  | 5     | 2   |
| 429  | 7     | 3   |
| 430  | 5     | 2   |
| 431  | 11    | 4   |
| 432  | 4     | 2   |
| 433  | 11    | 4   |
| 434  | 11    | 4   |
| 435  | 8     | 3   |
| 436  | 3     | 1   |
| 437  | 11    | 4   |
| 438  | 9     | 3   |
| 439  | 12    | 4   |
| 440  | 6     | 2   |
| 441  | 10    | 4   |
| 442  | 9     | 3   |
| 443  | 2     | 1   |
| 444  | 10    | 4   |
| 445  | 6     | 2   |
| 446  | 6     | 2   |
| 447  | 3     | 1   |
| 448  | 9     | 3   |
| 449  | 6     | 2   |
| 450  | 12    | 4   |
| 451  | 12    | 4   |
| 452  | 6     | 2   |
| 453  | 9     | 3   |
| 454  | 8     | 3   |
| 455  | 7     | 3   |
| 456  | 4     | 2   |
| 457  | 9     | 3   |
| 458  | 11    | 4   |
| 459  | 4     | 2   |
| 460  | 10    | 4   |
| 461  | 5     | 2   |
| 462  | 6     | 2   |
| 463  | 6     | 2   |
| 464  | 10    | 4   |
| 465  | 11    | 4   |
| 466  | 5     | 2   |
| 467  | 3     | 1   |
| 468  | 2     | 1   |
| 469  | 9     | 3   |
| 470  | 9     | 3   |
| 471  | 10    | 4   |
| 472  | 5     | 2   |
| 473  | 12    | 4   |
| 474  | 5     | 2   |
| 475  | 2     | 1   |
| 476  | 11    | 4   |
| 477  | 8     | 3   |
| 478  | 11    | 4   |
| 479  | 11    | 4   |
| 480  | 6     | 2   |
| 481  | 1     | 1   |
| 482  | 5     | 2   |
| 483  | 3     | 1   |
| 484  | 11    | 4   |
| 485  | 5     | 2   |
| 486  | 1     | 1   |
| 487  | 3     | 1   |
| 488  | 4     | 2   |
| 489  | 3     | 1   |
| 490  | 12    | 4   |
| 491  | 1     | 1   |
| 492  | 10    | 4   |
| 493  | 8     | 3   |
| 494  | 8     | 3   |
| 495  | 2     | 1   |
| 496  | 6     | 2   |
| 497  | 9     | 3   |
| 498  | 12    | 4   |
| 499  | 7     | 3   |
| 500  | 8     | 3   |
| 501  | 4     | 2   |
| 502  | 12    | 4   |
| 503  | 1     | 1   |
| 504  | 5     | 2   |
| 505  | 8     | 3   |
| 506  | 8     | 3   |
| 507  | 10    | 4   |
| 508  | 3     | 1   |
| 509  | 1     | 1   |
| 510  | 11    | 4   |
| 511  | 10    | 4   |
| 512  | 4     | 2   |
| 515  | 12    | 4   |
| 516  | 10    | 4   |
| 517  | 2     | 1   |
| 518  | 3     | 1   |
| 519  | 1     | 1   |
| 520  | 1     | 1   |
| 522  | 1     | 1   |
| 523  | 7     | 3   |
| 524  | 7     | 3   |
| 525  | 7     | 3   |
| 526  | 12    | 4   |
| 528  | 7     | 3   |
| 529  | 7     | 3   |
| 531  | 9     | 3   |
| 532  | 3     | 1   |
| 533  | 12    | 4   |
| 534  | 4     | 2   |
| 535  | 1     | 1   |
| 536  | 12    | 4   |
| 537  | 6     | 2   |
| 538  | 11    | 4   |
| 539  | 4     | 2   |
| 540  | 2     | 1   |
| 541  | 7     | 3   |
| 542  | 8     | 3   |
| 543  | 8     | 3   |
| 544  | 12    | 4   |
| 545  | 4     | 2   |
| 546  | 5     | 2   |
| 547  | 4     | 2   |
| 548  | 1     | 1   |
| 549  | 4     | 2   |
| 550  | 7     | 3   |
